#Configuracion de una red neuronal MLP
#Thu Mar 09 16:38:51 CET 2017
PESO_ENTRADA_OCULTA[1][0]=141.3992667168912
PESO_ENTRADA_OCULTA[0][0]=-98.56532412463856
NUM_CAPA_SALIDA=1
PESO_ENTRADA_OCULTA[4][1]=-4.309843413804536
PESO_ENTRADA_OCULTA[3][1]=13.347412413145868
PESO_ENTRADA_OCULTA[2][1]=6.011190783369939
NUM_CAPA_OCULTA=4
PESO_ENTRADA_OCULTA[1][1]=-13.2085309131725
PESO_ENTRADA_OCULTA[4][0]=50.663519798156536
PESO_ENTRADA_OCULTA[0][1]=-3.763580419720518
NUM_CAPA_ENTRADA=4
PESO_OCULTA_SALIDA[1][1]=-0.5001394894186657
PESO_ENTRADA_OCULTA[3][0]=-130.69217679690453
PESO_OCULTA_SALIDA[0][1]=-0.18418401619709257
PESO_ENTRADA_OCULTA[2][0]=-90.62108950090023
