#Configuracion de una red neuronal MLP
#Fri Mar 10 10:29:00 CET 2017
NUM_CAPA_SALIDA=1
PESO_OCULTA_SALIDA[1][1]=-3.7844259072599136
PESO_ENTRADA_OCULTA[4][1]=-0.11353257867399082
PESO_ENTRADA_OCULTA[4][4]=-10.580305432775734
PESO_ENTRADA_OCULTA[3][0]=-51.95581702328998
PESO_ENTRADA_OCULTA[3][3]=9.236940099954
NUM_CAPA_OCULTA=4
PESO_ENTRADA_OCULTA[2][2]=-8.475579231348046
PESO_ENTRADA_OCULTA[1][1]=-10.822533199759935
PESO_ENTRADA_OCULTA[1][4]=-0.6392486130876794
PESO_ENTRADA_OCULTA[0][0]=-3.905024400921387
PESO_ENTRADA_OCULTA[0][3]=-0.3805503898962237
PESO_OCULTA_SALIDA[3][1]=3.7845193787893368
NUM_CAPA_ENTRADA=4
PESO_ENTRADA_OCULTA[4][2]=8.33259616860416
PESO_OCULTA_SALIDA[0][1]=1.7493480225758722
PESO_ENTRADA_OCULTA[3][1]=10.399033902998134
PESO_ENTRADA_OCULTA[3][4]=0.9931878406534617
PESO_ENTRADA_OCULTA[2][0]=-30.824761846763373
PESO_ENTRADA_OCULTA[2][3]=0.5098640652672737
PESO_ENTRADA_OCULTA[1][2]=0.4625267802853212
PESO_ENTRADA_OCULTA[0][1]=-0.8708296849979046
PESO_ENTRADA_OCULTA[0][4]=-1.1193251807322855
PESO_OCULTA_SALIDA[2][1]=-2.581996529988772
PESO_ENTRADA_OCULTA[4][0]=74.98844544316671
PESO_ENTRADA_OCULTA[4][3]=-0.12371765316082968
PESO_ENTRADA_OCULTA[3][2]=-0.8082142263103002
PESO_ENTRADA_OCULTA[2][1]=0.6006206044598025
PESO_ENTRADA_OCULTA[2][4]=10.726952885946417
PESO_ENTRADA_OCULTA[1][0]=43.37195546263923
PESO_ENTRADA_OCULTA[1][3]=-9.667222880921148
PESO_OCULTA_SALIDA[4][1]=-2.5156406834650475
PESO_ENTRADA_OCULTA[0][2]=0.5284003809597235
